0000000000010000
1110101010001000
0000000000010001
1110101010001000
0000000000010010
1110101010001000
0000000110010011
1110101010000111
0000000000010011
1110001100001000
0000000001010001
1110110000010000
0000000000010011
1111000111010000
0000000110000101
1110001100000010
0000000001000011
1110110000010000
0000000000010011
1111000111010000
0000000101100101
1110001100000010
0000000010000000
1110110000010000
0000000000010011
1111000111010000
0000000000110001
1110001100000010
0000000010000001
1110110000010000
0000000000010011
1111000111010000
0000000101001010
1110001100000010
0000000000010000
1110110000010000
0000000000010000
1111000111010000
0000000000000110
1110001100000011
0000000000010011
1111110000010000
0000000100110011
1110001100000010
1110001110010000
0000000100110011
1110001100000010
0000000000000110
1110101010000111
0000000000010000
1110110000010000
0000000000010000
1111000111010000
0000000000000110
1110001100000101
0000000000111011
1110101010000111
0000000000111001
1110101010000111
0000000100010111
1110101010000111
0000000001000011
1110110000010000
0000000000010100
1110001100001000
0000010011000011
1110101010000111
0000000000010001
1111110111001000
0000000001001011
1110110000010000
0000000000010100
1110001100001000
0000010011101001
1110101010000111
0000000000010001
1111110111001000
0111111111111111
1110110000010000
1110011111010000
0000000000010010
1111010011010000
0000000011100101
1110001100000010
0000000000010010
1111110000010000
0000000001100110
1110001100000100
0000000001011110
1110110000010000
0000000000010100
1110001100001000
0000010100001111
1110101010000111
0000000000010001
1111110111001000
0000000000010010
1111110000010000
0000000000010101
1110001100001000
0000000001110101
1110101010000111
0000000001101100
1110110000010000
0000000000010100
1110001100001000
0000010011000011
1110101010000111
0000000000010001
1111110111001000
0000000000010010
1111110000010000
1110001111001000
0000000000010101
1111110000001000
0000000001110101
1110101010000111
0000011111010000
1110110000010000
0000000000010110
1110001100001000
0000000000010111
1110101010001000
0000000000010101
1111110000010000
0000000010111101
1110001100000010
0000000000011000
1110001100001000
0000000000011000
1111110000010000
0000000010100110
1110001100000010
0000000000011000
1111110000010000
0000000000011001
1110001100001000
0000000000001010
1110110000010000
0000000000011010
1110001100001000
0000000010010011
1110110000010000
0000000000011011
1110001100001000
0000001000100001
1110101010000111
0000000000011100
1111110000010000
0000000000011000
1110001100001000
0000000000010110
1111110000010000
0000000000010111
1111000010010000
0000000000011101
1110001100001000
0000000000011110
1111110000010000
0000000000011101
1111110000100000
1110001100001000
0000000000010111
1111110111001000
0000000010000001
1110101010000111
0000000000010111
1111110010001000
0000000000010111
1111110000010000
0000000011000111
1110001100000100
0000000000010110
1111110000010000
0000000000010111
1111000010100000
1111110000010000
0000000000010011
1110001100001000
0000000010111001
1110110000010000
0000000000011111
1110001100001000
0000000110111110
1110101010000111
0000000000010111
1111110010001000
0000000010101000
1110101010000111
0000000011000011
1110110000010000
0000000000010100
1110001100001000
0000001100100001
1110101010000111
0000000000010001
1111110111001000
0000000011000111
1110101010000111
0110000000000000
1111110000010000
0000000011000111
1110001100000010
0000000000100000
1110001100001000
0110000000000000
1111110000010000
0000000011001101
1110001100000101
0000000000100000
1111110000010000
0000000010000000
1110010011010000
0000000101100101
1110001100000010
0000000000100000
1111110000010000
0000000001000011
1110010011010000
0000000101100101
1110001100000010
0000000000100000
1111110000010000
0000000001010001
1110010011010000
0000000110000101
1110001100000010
0000000011000111
1110101010000111
0000000011101011
1110110000010000
0000000000010100
1110001100001000
0000010011000011
1110101010000111
0000000000010001
1111110111001000
0000000011110011
1110110000010000
0000000000010100
1110001100001000
0000001110010011
1110101010000111
0000000000010001
1111110111001000
0000000011111011
1110110000010000
0000000000010100
1110001100001000
0000001101101101
1110101010000111
0000000000010001
1111110111001000
0000000100000011
1110110000010000
0000000000010100
1110001100001000
0000010000101011
1110101010000111
0000000000010001
1111110111001000
0000000100001011
1110110000010000
0000000000010100
1110001100001000
0000010000000101
1110101010000111
0000000000010001
1111110111001000
0000000100010011
1110110000010000
0000000000010100
1110001100001000
0000010001010001
1110101010000111
0000000000010001
1111110111001000
0000000011000111
1110101010000111
0000000000010010
1110101010001000
0000000000000000
1110110000010000
0000000000100001
1110001100001000
0000000000100001
1111110000010000
0000000000010000
1110010011010000
0000000100110001
1110001100000010
0000000000010010
1111110000010000
1111000010001000
0000000000100001
1111110000010000
0000000000000000
1110000010100000
1111110000010000
0000000000010010
1111000010001000
0000000000100001
1111110111001000
0000000100011101
1110101010000111
0000000000111101
1110101010000111
0000000000010011
1111110000010000
0000000100111011
1110110000010000
0000000000011111
1110001100001000
0000000110111110
1110101010000111
0000000000010000
1111110000010000
0000000000000000
1110000010010000
0000000000100010
1110001100001000
0000000000010011
1111110000010000
0000000000100010
1111110000100000
1110001100001000
0000000000010000
1111110111001000
0000000000000110
1110101010000111
0000000000000110
1110110000010000
0000000000100011
1110001100001000
0000000101010000
1110101010000111
0000000000010000
1111110000010000
0000000101100010
1110001100000010
0000000000010000
1111110010001000
1111110000010000
0000000000000000
1110000010100000
1110101010001000
0000000000010001
1111110010001000
0000000101100010
1110110000010000
0000000000010100
1110001100001000
0000010010011101
1110101010000111
0000000000100011
1111110000100000
1110101010000111
0000000000010001
1111110000010000
0000000101110011
1110001100000010
0000000000010001
1111110010001000
0000000101110001
1110110000010000
0000000000010100
1110001100001000
0000010010011101
1110101010000111
0000000101100101
1110101010000111
0000000000010000
1110110000010000
0000000000100100
1110001100001000
0000000000100100
1111110000010000
0000000110000011
1110001100000010
0000000000100100
1111110010001000
1111110000010000
0000000000000000
1110000010100000
1110101010001000
0000000101110111
1110101010000111
0000000000000000
1110101010000111
0000000000010001
1111110000010000
0000000000111001
1110001100000010
0000000000010001
1111110010001000
0000000110010001
1110110000010000
0000000000010100
1110001100001000
0000010010011101
1110101010000111
0000000110000101
1110101010000111
0110000000000000
1111110000010000
0000000110010011
1110001100000010
0000000000100101
1110001100001000
0000000000110000
1110010011010000
0000000110100101
1110001100000010
0000000000100101
1111110000010000
0000000000110001
1110010011010000
0000000110101001
1110001100000010
0000000110101101
1110101010000111
0000000000100101
1110101010001000
0000000110101101
1110101010000111
0000000000100101
1110111111001000
0000000110101101
1110101010000111
0000000110110011
1110110000010000
0000000000100110
1110001100001000
0000000110110111
1110101010000111
0000000000100101
1111110000010000
0000000000001000
1110101010000111
0110000000000000
1111110000010000
0000000110110111
1110001100000101
0000000000100110
1111110000100000
1110101010000111
0000000000010011
1111110000010000
0000000111100000
1110001100000010
1110001110010000
0000000111100110
1110001100000010
1110001110010000
0000000111101100
1110001100000010
1110001110010000
0000000111110010
1110001100000010
1110001110010000
0000000111111000
1110001100000010
1110001110010000
0000000111111110
1110001100000010
1110001110010000
0000001000000100
1110001100000010
1110001110010000
0000001000001010
1110001100000010
1110001110010000
0000001000010000
1110001100000010
1110001110010000
0000001000010110
1110001100000010
0000000000011111
1111110000100000
1110101010000111
0000001000011100
1110110000010000
0000000000010100
1110001100001000
0000001100100001
1110101010000111
0000001000011100
1110110000010000
0000000000010100
1110001100001000
0000001101000111
1110101010000111
0000001000011100
1110110000010000
0000000000010100
1110001100001000
0000001101101101
1110101010000111
0000001000011100
1110110000010000
0000000000010100
1110001100001000
0000001110010011
1110101010000111
0000001000011100
1110110000010000
0000000000010100
1110001100001000
0000001110111001
1110101010000111
0000001000011100
1110110000010000
0000000000010100
1110001100001000
0000001111011111
1110101010000111
0000001000011100
1110110000010000
0000000000010100
1110001100001000
0000010000000101
1110101010000111
0000001000011100
1110110000010000
0000000000010100
1110001100001000
0000010000101011
1110101010000111
0000001000011100
1110110000010000
0000000000010100
1110001100001000
0000010001010001
1110101010000111
0000001000011100
1110110000010000
0000000000010100
1110001100001000
0000010001110111
1110101010000111
0000000000010001
1111110111001000
0000000000011111
1111110000100000
1110101010000111
0000000000011001
1111110000010000
0000000000011010
1111110000100000
1110110000010000
0000001001101111
1110001100000010
0000000000011001
1111110000010000
0000001000101110
1110001100000011
0000001000110110
1110101010000111
0000000000100111
1110101010001000
0000000000011010
1111110000010000
0000001000111110
1110001100000011
0000001001100110
1110101010000111
0000000000100111
1110111111001000
0000000000011010
1111110000010000
0000001000111110
1110001100000011
0000001001100110
1110101010000111
0000000000011010
1111110000010000
0000000000101000
1110001100001000
0000000000000110
1110101010001000
0000001001000110
1110101010000111
0000000000100111
1111110000010000
0000001001010001
1110001100000010
0000000000011001
1111110000010000
1110001111010000
0000000000011110
1110001100001000
0000001001010101
1110101010000111
0000000000011001
1111110000010000
0000000000011110
1110001100001000
0000000000011100
1110101010001000
0000000000011110
1111110000010000
0000000000101000
1111010011010000
0000001001111011
1110001100000100
0000000000011110
1110001100001000
0000000000011100
1111110000010000
1110011111010000
0000000000011100
1110001100001000
0000001001010111
1110101010000111
0000000000011010
1111110000010000
1110001111010000
0000000000101000
1110001100001000
0000000000000110
1110111111001000
0000001001000110
1110101010000111
0000000000011100
1110101010001000
0000000000011001
1111110000010000
0000001010111100
1110001100000101
0000000000011110
1110111010001000
0000000000011110
1111110010001000
0000001011000000
1110101010000111
0000000000100111
1111110000010000
0000001010101111
1110001100000010
0000000000000110
1111110000010000
0000001010011100
1110001100000101
0000000000011110
1111110000010000
0000001010010101
1110001100000010
0000000000011100
1111110000010000
1110001111010000
1110001110010000
0000000000011100
1110001100001000
0000000000101000
1111110000010000
0000000000011110
1111010011010000
0000000000011110
1110001100001000
0000001011000000
1110101010000111
0000000000011100
1111110000010000
1110001111010000
0000000000011100
1110001100001000
0000001011000000
1110101010000111
0000000000011110
1111110000010000
0000001010101101
1110001100000010
0000000000011100
1111110000010000
1110011111010000
0000000000011100
1110001100001000
0000000000101000
1111110000010000
0000000000011110
1111010011010000
0000000000011110
1110001100001000
0000001011000000
1110101010000111
0000001011000000
1110101010000111
0000000000000110
1111110000010000
0000001010110101
1110001100000101
0000001011000000
1110101010000111
0000000000011100
1111110000010000
1110001111010000
0000000000011100
1110001100001000
0000001011000000
1110101010000111
0000000000011110
1110111010001000
0000001011000000
1110101010000111
0000000000011011
1111110000100000
1110101010000111
0000000000100000
1110110000010000
0000000000101001
1110001100001000
0100000000000000
1110110000010000
0000000000101001
1111000010010000
1111000010010000
1111000010010000
0000000000010001
1111000010010000
0000000000101010
1110001100001000
0000000000101011
1111110000010000
0000000000101010
1111110000100000
1110001100001000
0000000000101001
1111110000010000
0000000000101010
1111000010001000
0000000000101100
1111110000010000
0000000000101010
1111110000100000
1110001100001000
0000000000101001
1111110000010000
0000000000101010
1111000010001000
0000000000101101
1111110000010000
0000000000101010
1111110000100000
1110001100001000
0000000000101001
1111110000010000
0000000000101010
1111000010001000
0000000000101110
1111110000010000
0000000000101010
1111110000100000
1110001100001000
0000000000101001
1111110000010000
0000000000101010
1111000010001000
0000000000101111
1111110000010000
0000000000101010
1111110000100000
1110001100001000
0000000000101001
1111110000010000
0000000000101010
1111000010001000
0000000000110000
1111110000010000
0000000000101010
1111110000100000
1110001100001000
0000000000101001
1111110000010000
0000000000101010
1111000010001000
0000000000110001
1111110000010000
0000000000101010
1111110000100000
1110001100001000
0000000000101001
1111110000010000
0000000000101010
1111000010001000
0000000000110010
1111110000010000
0000000000101010
1111110000100000
1110001100001000
0000000000101001
1111110000010000
0000000000101010
1111000010001000
0000000000110011
1111110000010000
0000000000101010
1111110000100000
1110001100001000
0000000000010100
1111110000100000
1110101010000111
0000000000001100
1110110000010000
0000000000101011
1110001100001000
0000000000011110
1110110000010000
0000000000101100
1110001100001000
0000000000110011
1110110000010000
0000000000101101
1110001100001000
0000000000110011
1110110000010000
0000000000101110
1110001100001000
0000000000110011
1110110000010000
0000000000101111
1110001100001000
0000000000110011
1110110000010000
0000000000110000
1110001100001000
0000000000110011
1110110000010000
0000000000110001
1110001100001000
0000000000011110
1110110000010000
0000000000110010
1110001100001000
0000000000001100
1110110000010000
0000000000110011
1110001100001000
0000001011000011
1110101010000111
0000000000001100
1110110000010000
0000000000101011
1110001100001000
0000000000001110
1110110000010000
0000000000101100
1110001100001000
0000000000001111
1110110000010000
0000000000101101
1110001100001000
0000000000001100
1110110000010000
0000000000101110
1110001100001000
0000000000001100
1110110000010000
0000000000101111
1110001100001000
0000000000001100
1110110000010000
0000000000110000
1110001100001000
0000000000001100
1110110000010000
0000000000110001
1110001100001000
0000000000001100
1110110000010000
0000000000110010
1110001100001000
0000000000111111
1110110000010000
0000000000110011
1110001100001000
0000001011000011
1110101010000111
0000000000011110
1110110000010000
0000000000101011
1110001100001000
0000000000110011
1110110000010000
0000000000101100
1110001100001000
0000000000110000
1110110000010000
0000000000101101
1110001100001000
0000000000011000
1110110000010000
0000000000101110
1110001100001000
0000000000001100
1110110000010000
0000000000101111
1110001100001000
0000000000000110
1110110000010000
0000000000110000
1110001100001000
0000000000000011
1110110000010000
0000000000110001
1110001100001000
0000000000110011
1110110000010000
0000000000110010
1110001100001000
0000000000111111
1110110000010000
0000000000110011
1110001100001000
0000001011000011
1110101010000111
0000000000011110
1110110000010000
0000000000101011
1110001100001000
0000000000110011
1110110000010000
0000000000101100
1110001100001000
0000000000110000
1110110000010000
0000000000101101
1110001100001000
0000000000110000
1110110000010000
0000000000101110
1110001100001000
0000000000011100
1110110000010000
0000000000101111
1110001100001000
0000000000110000
1110110000010000
0000000000110000
1110001100001000
0000000000110000
1110110000010000
0000000000110001
1110001100001000
0000000000110011
1110110000010000
0000000000110010
1110001100001000
0000000000011110
1110110000010000
0000000000110011
1110001100001000
0000001011000011
1110101010000111
0000000000010000
1110110000010000
0000000000101011
1110001100001000
0000000000011000
1110110000010000
0000000000101100
1110001100001000
0000000000011100
1110110000010000
0000000000101101
1110001100001000
0000000000011010
1110110000010000
0000000000101110
1110001100001000
0000000000011001
1110110000010000
0000000000101111
1110001100001000
0000000000111111
1110110000010000
0000000000110000
1110001100001000
0000000000011000
1110110000010000
0000000000110001
1110001100001000
0000000000011000
1110110000010000
0000000000110010
1110001100001000
0000000000111100
1110110000010000
0000000000110011
1110001100001000
0000001011000011
1110101010000111
0000000000111111
1110110000010000
0000000000101011
1110001100001000
0000000000000011
1110110000010000
0000000000101100
1110001100001000
0000000000000011
1110110000010000
0000000000101101
1110001100001000
0000000000011111
1110110000010000
0000000000101110
1110001100001000
0000000000110000
1110110000010000
0000000000101111
1110001100001000
0000000000110000
1110110000010000
0000000000110000
1110001100001000
0000000000110000
1110110000010000
0000000000110001
1110001100001000
0000000000110011
1110110000010000
0000000000110010
1110001100001000
0000000000011110
1110110000010000
0000000000110011
1110001100001000
0000001011000011
1110101010000111
0000000000011100
1110110000010000
0000000000101011
1110001100001000
0000000000000110
1110110000010000
0000000000101100
1110001100001000
0000000000000011
1110110000010000
0000000000101101
1110001100001000
0000000000000011
1110110000010000
0000000000101110
1110001100001000
0000000000011111
1110110000010000
0000000000101111
1110001100001000
0000000000110011
1110110000010000
0000000000110000
1110001100001000
0000000000110011
1110110000010000
0000000000110001
1110001100001000
0000000000110011
1110110000010000
0000000000110010
1110001100001000
0000000000011110
1110110000010000
0000000000110011
1110001100001000
0000001011000011
1110101010000111
0000000000111111
1110110000010000
0000000000101011
1110001100001000
0000000000110001
1110110000010000
0000000000101100
1110001100001000
0000000000110000
1110110000010000
0000000000101101
1110001100001000
0000000000110000
1110110000010000
0000000000101110
1110001100001000
0000000000011000
1110110000010000
0000000000101111
1110001100001000
0000000000001100
1110110000010000
0000000000110000
1110001100001000
0000000000001100
1110110000010000
0000000000110001
1110001100001000
0000000000001100
1110110000010000
0000000000110010
1110001100001000
0000000000001100
1110110000010000
0000000000110011
1110001100001000
0000001011000011
1110101010000111
0000000000011110
1110110000010000
0000000000101011
1110001100001000
0000000000110011
1110110000010000
0000000000101100
1110001100001000
0000000000110011
1110110000010000
0000000000101101
1110001100001000
0000000000110011
1110110000010000
0000000000101110
1110001100001000
0000000000011110
1110110000010000
0000000000101111
1110001100001000
0000000000110011
1110110000010000
0000000000110000
1110001100001000
0000000000110011
1110110000010000
0000000000110001
1110001100001000
0000000000110011
1110110000010000
0000000000110010
1110001100001000
0000000000011110
1110110000010000
0000000000110011
1110001100001000
0000001011000011
1110101010000111
0000000000011110
1110110000010000
0000000000101011
1110001100001000
0000000000110011
1110110000010000
0000000000101100
1110001100001000
0000000000110011
1110110000010000
0000000000101101
1110001100001000
0000000000110011
1110110000010000
0000000000101110
1110001100001000
0000000000111110
1110110000010000
0000000000101111
1110001100001000
0000000000110000
1110110000010000
0000000000110000
1110001100001000
0000000000110000
1110110000010000
0000000000110001
1110001100001000
0000000000011001
1110110000010000
0000000000110010
1110001100001000
0000000000001110
1110110000010000
0000000000110011
1110001100001000
0000001011000011
1110101010000111
0000000000000000
1110110000010000
0000000000101011
1110001100001000
0000000000000000
1110110000010000
0000000000101100
1110001100001000
0000000000000000
1110110000010000
0000000000101101
1110001100001000
0000000000000000
1110110000010000
0000000000101110
1110001100001000
0000000000000000
1110110000010000
0000000000101111
1110001100001000
0000000000000000
1110110000010000
0000000000110000
1110001100001000
0000000000000000
1110110000010000
0000000000110001
1110001100001000
0000000000000000
1110110000010000
0000000000110010
1110001100001000
0000000000000000
1110110000010000
0000000000110011
1110001100001000
0000001011000011
1110101010000111
0000000000000000
1110110000010000
0000000000101011
1110001100001000
0000000000000000
1110110000010000
0000000000101100
1110001100001000
0000000000000000
1110110000010000
0000000000101101
1110001100001000
0000000000000000
1110110000010000
0000000000101110
1110001100001000
0000000000000000
1110110000010000
0000000000101111
1110001100001000
0000000000111111
1110110000010000
0000000000110000
1110001100001000
0000000000000000
1110110000010000
0000000000110001
1110001100001000
0000000000000000
1110110000010000
0000000000110010
1110001100001000
0000000000000000
1110110000010000
0000000000110011
1110001100001000
0000001011000011
1110101010000111
0000000000000000
1110110000010000
0000000000101011
1110001100001000
0000000000000000
1110110000010000
0000000000101100
1110001100001000
0000000000000011
1110110000010000
0000000000101101
1110001100001000
0000000000000110
1110110000010000
0000000000101110
1110001100001000
0000000000001100
1110110000010000
0000000000101111
1110001100001000
0000000000011000
1110110000010000
0000000000110000
1110001100001000
0000000000001100
1110110000010000
0000000000110001
1110001100001000
0000000000000110
1110110000010000
0000000000110010
1110001100001000
0000000000000011
1110110000010000
0000000000110011
1110001100001000
0000001011000011
1110101010000111
0000000000000000
1110110000010000
0000000000101011
1110001100001000
0000000000000000
1110110000010000
0000000000101100
1110001100001000
0000000000000000
1110110000010000
0000000000101101
1110001100001000
0000000000001100
1110110000010000
0000000000101110
1110001100001000
0000000000001100
1110110000010000
0000000000101111
1110001100001000
0000000000111111
1110110000010000
0000000000110000
1110001100001000
0000000000001100
1110110000010000
0000000000110001
1110001100001000
0000000000001100
1110110000010000
0000000000110010
1110001100001000
0000000000000000
1110110000010000
0000000000110011
1110001100001000
0000001011000011
1110101010000111
